733251318
815212743
114288135
822038268
569123320
87786365
250648396
492193364
861756145
868399673
141851772
873533493
861450242
436838078
720252411
127697703
379585148
824161958
712986583
863543166
590166617
32140510
764216357
840593902
610861624
681966099
668819202
353004307
589930083
154068015
635441459
28649561
249230678
41554251
87418600
741112017
625345736
285389521
855199808
31001472
394869907
343402596
688965078
715679877
168185336
440787935
401027561
581681679
638428314
679217977
248422556
611732375
589588170
146350554
107097907
448527620
863769509
306347135
526740942
201430733
676140309
229585589
455361316
629169007
801812871
863362221
492493941
124761990
134364595
231757411
756645472
228853944
732856285
219172455
836337193
314985364
176935711
225975453
554440161
425959927
316493529
747745698
526737635
494751202
825474221
257255093
681480142
678356120
342401229
511039427
68268854
48555102
477717749
701250435
840609529
116915576
511941241
422451532
10711862
303410347
145964062
714856007
280093507
475679768
149083840
541783685
236674129
588671119
620292979
673336352
405487390
75439231
206079247
822003523
137140200
743235185
484508130
896521129
70357967
398410391
95987481
865708157
4170802
697419323
735572798
781825127
75992251
359804334
233883330
720061529
388272389
819582716
163662302
237422590
130985063
122461685
782362869
521734050
494874106
130459299
767727887
559849531
315857093
461924513
361627173
68370012
215924504
110987024
165516983
215957238
375540300
44688980
812444362
850308327
441777608
440327299
303947417
810048321
332322045
100082463
702226737
350764891
217522119
363520866
86809057
118775942
847845376
860520927
517687639
53801579
211301883
317842654
739074495
13863092
38721415
152090997
584203814
658550018
582971252
405831256
492307905
266688672
670223391
170059479
618097764
165160007
331636069
563056588
702204545
73013177
836447198
698141263
438112376
392272646
402105288
275714466
457657691
459694308
735864776
715348118
579886189
340748369
730422249
479542922
315654322
845101214
788348350
495140595
560227448
528340112
186968020
271121634
423830914
207439296
759877733
175287819
203329555
153637206
204897819
392128721
279991990
831041474
387186557
166334647
814392670
881773321
394982877
100007276
232258168
367847768
535406330
235990513
542558641
640094037
199572009
105675859
267008216
286900397
381749983
457072335
76964197
236233948
720912967
26298243
835968499
657297598
439747957
520672413
213555163
412963832
866779445
492125010
469022117
208434890
440007846
561653921
611221813
355963593
330692889
889183547
33964970
796650977
821957906
716565277
88841025
235683997
301821067
611754975
122897788
649104555
96085647
588381437
444756409
701146339
643533175
813348256
801830009
300746655
628871055
178028789
27486844
669666626
450020052
431929792
814249758
548879810
555899574
773497829
724940251
519049198
164630170
215938740
797860481
25806729
440911106
151134382
880812295
641424813
450424313
423979397
53656963
613774509
38188011
64300897
469484700
87056994
736333449
735792132
650195411
134878852
593644524
466735287
875676796
584092141
720297267
408417795
389152217
742782155
75122807
119853865
156049697
351843897
748241501
723027693
54424042
359331864
474188076
375119385
591173687
565175817
262785576
388485911
13938408
885657025
150451514
95594675
335168641
178306496
440718709
305543957
856467095
828298523
47409280
664072033
242207392
380551908
493083622
848462959
375969549
884746877
271309349
630988635
599704732
485213629
628294722
599874886
160319146
115212915
899171998
154008899
29340727
505079611
793679532
602257532
171389872
332024757
414653175
883473796
140764400
769970210
580287845
338644850
171831255
385427534
433819675
108550407
530556515
203568827
346157067
524687524
226625415
261396488
555381561
238752718
741938324
884396682
657223632
309489171
525662174
96992072
815676983
791688009
735984183
234655097
534920392
20261325
382733220
281446874
145336206
160889497
380596952
84806368
538671062
423831641
626354101
629898782
574677424
30243439
61925462
287639631
477777635
589000869
366857110
737982762
646522752
871783996
478200295
292630979
95066239
549862537
700921691
381107449
81740919
239824229
138290981
252904653
396076438
474428243
411681734
787834064
466246675
849259956
573937913
861924132
216636228
608509780
260157989
604627056
625626146
61193462
229311029
201635929
601049160
759952567
310016018
702467341
607798558
6043780
541953170
348093902
824391708
1035951
416204035
381913944
414824521
693143406
290224480
706265007
424221223
32186444
158286894
649581898
426137175
137449010
307011989
546650010
172570641
664583812
218564525
825681478
242155302
688949655
169795691
258748220
82002075
518588169
615026594
491933543
383155755
579998195
582855557
611114753
572207734
850656246
188041330
638353189
212607405
107456565
546573251
405123708
412852720
595749952
693256585
315196040
595808312
374542525
757735820
749624724
230796766
552114358
524023957
486665133
782946493
238300991
286266508
107293027
845846048
580996361
431516659
575384940
490244222
582580002
489497063
648941589
470245507
894333650
196808857
95218392
98727662
57232201
364121786
403535388
329234369
687153778
565106413
694781942
839567723
875466256
172825414
124986710
626639335
84437975
472863684
477309514
775025371
436367741
354110515
604287666
667131751
468046941
312941217
134997448
527482543
235930644
40008659
679439530
218506690
398161840
619016100
323305193
662705662
355236511
615073904
633642298
398074628
17619851
297771909
381878311
243243231
177348309
739548607
386929028
798993360
352064476
692202515
357112142
727662229
679568961
339655776
194416902
711366046
854372979
294808704
604137549
394780233
750150057
691968385
150528095
775781933
890884366
462980813
795852408
529223108
139277024
179876424
366259116
673834708
743024950
710966263
286671634
480657400
80955558
100535104
122663214
610786672
445659023
170739253
445504947
132847312
49476700
765640897
504503238
836647421
627000061
524511517
733856998
791111982
890019855
470138
778894205
551309449
890954581
474911740
431570753
721212353
205058503
448284556
810766684
517194743
760659844
664775805
527387969
222060920
599774181
75134481
563363416
594849689
656776213
801676346
884072283
692125693
523301473
835481170
522080962
15284634
108773538
776439099
435866552
760369569
188464442
497061854
566894643
28791894
553241682
326170083
44579290
440612674
173259232
110775294
184944621
131863325
170164834
38387143
571677711
253679986
484736658
625646280
449204085
482220598
400664556
111538969
441321240
767697776
786534086
243264720
187615085
508481238
576280216
375325778
185377827
853139175
73864032
95138413
127836915
149814285
558862361
516338401
46870067
838080615
655795019
664056987
57064008
774395920
840963969
885957808
773044347
707002552
462039325
159842093
358730273
120538034
27800573
845226886
271175250
265980246
299642423
420361044
583378115
22705346
757985363
503128900
768689356
313091031
401423670
48815498
159396656
596526788
297745862
808636888
106339595
889575435
485983506
636225175
899541746
259064205
373069989
418355615
687560823
736383048
90199315
160305131
323671163
51034180
469696729
302263835
158102000
188051855
814637546
607851568
421621039
820918561
93610342
670990921
662640171
505674871
165774553
537489776
269943071
120710541
191341223
805446846
64307479
218237724
48378914
397549523
11954871
807471547
176992226
84033396
276629980
410451559
91502378
895850007
298883301
267611911
55840653
268419350
41716104
454884946
685282721
567962520
80902418
72776120
699515890
814620579
480394349
98238708
743227339
304287688
264575522
671681511
9302949
43602568
601123994
543120719
473491812
656737938
636527588
703238739
259179054
623278248
501002417
356868404
55431553
702157367
303825213
547078839
667128062
94331836
115099441
494585663
436706084
801427407
719063618
660906393
46198657
65596712
79674644
718515141
848706573
615343469
118874555
650451507
99318044
105743473
576645615
295932529
588430293
674217712
524866687
666028496
211344033
661461191
873537884
780236557
77611007
329792656
332278623
616525066
538146983
710426902
330887325
185424905
77999822
694739890
185106900
349444148
496600223
206057738
577746027
436031934
136660847
703738120
90545607
264659456
213635520
477784588
82348782
364783539
94361535
101055472
705984442
262413041
543179587
867979587
389236130
625276388
682288706
389377727
589947680
98779453
840383069
168714567
239560728
718046553
438842981
692061780
356405732
245644681
33511139
605964844
386607644
406564923
548870927
53462916
284230022
695449249
626789087
112798855
117136193
83117025
7038258
380798078
590015286
650629641
478087900
97936050
568589183
113849768
120872856
88734597
127824399
151426021
176623857
285731517
284785820
195806786
225937439
803629372
632900277
500163654
165990137
190827570
69612059
822419553
636043064
502009571
282085810
149583058
560246974
889140373
153388668
232012793
357119029
66595226
615685842
362149135
884550790
361965222
558604189
138932685
343210337
145020428
682300497
783999214
315698750
616981510
264733501
477565887
749180283
537740623
301779889
269302246
407332870
380380698
323645354
502486763
668290141
381900912
386419811
112385367
21990592
261166469
285768229
588320511
861241437
842156910
412097272
216430332
687507433
683393932
666582562
669318807
95328276
613403745
416934083
190946685
88666771
741216246
157508598
147212764
599387862
804949587
464901896
632431406
138231193
858110452
486795156
611759858
32906682
728282690
673756266
108168201
472540143
293249952
491803969
358992292
373583647
162663810
229847819
18482178
831307155
588329265
839351308
147160973
828986633
715191322
519654213
396031606
231852111
676751018
205802310
57768316
690595806
604081307
643690559
577854113
377143051
351685488
734525286
285684764
733084989
710165381
767036656
455072454
572094618
855804027
399567297
54016878
780074042
568069230
319565932
897301946
201754125
587205311
544490970
348520499
127968301
22621462
379000604
165690075
653197007
333326044
757403227
660805978
513922706
159169373
861644647
238789563
832121864
201393136
336207046
78750226
576104239
162555015
40545951
650855390
312693525
594554463
345481346
564611207
19484811
819512050
720501964
671261965
731800691
344975290
555550669
517944777
477045984
247562495
223765805
406474423
204941306
724003786
887492788
26992724
482097211
78369407
721881456
890229381
60251563
845457538
16359762
615454032
705362006
480723248
796822571
809103458
563343201
124081948
196021204
163926775
37637834
96247379
554798481
845693908
319009780
369565743
885913424
851020259
608979486
889470977
690147426
303028977
596142963
219748496
265956208
612159801
475061578
370433718
542373745
675467239
525179225
496612666
525212924
460637373
74333365
647612339
896539416
319080489
874131875
311803507
797888507
409224882
372084108
195958623
113088991
278022796
653493191
704584005
624408090
8822017
758891075
830097780
693857947
38393824
340367105
633904882
656560932
201849115
242148960
605727301
429742447
561344077
212800176
159411182
746678121
690228644
841029401
97099894
164004551
89185643
440786872
173920581
806301409
89180574
39748965
501565012
695244689
280745700
161084029
305059727
189130836
459136690
815726863
566030831
91380385
351768833
49154892
451154051
388548563
897803176
730441396
437085948
805001956
123791778
351003976
834619538
825743395
642215790
556502934
308958706
842423515
112296493
657525982
581828942
749835824
358453545
674839120
751697491
290213984
497034814
881215081
494377041
297380864
557523678
324572494
680857706
372510190
443110018
625268097
875459357
294979080
754021882
665164137
858755889
28730329
321181668
596387670
253351072
207344489
640014856
562114887
531547089
594393388
42799150
313905914
406205987
216814211
643539662
770563044
253356591
657944875
123986439
753049504
124741379
529387743
329540682
726082623
453402103
440634317
789342797
317827207
404498660
867176098
38067968
875661327
170285931
600407464
527794944
607600358
324919407
558249832
730034812
17331707
75486056
877320315
586213786
208113753
363141537
109818318
241594612
232061238
298498309
137010426
313206468
109492460
795736667
84850436
837035420
359117481
42661258
308135731
662368635
715212961
490414635
617600268
804268321
49312544
273294866
41572344
175928845
648148328
649577049
790018072
524188943
63615814
830468962
720333884
257351814
489296230
886297381
644109364
755071586
389933962
423561653
504641366
242182051
674115678
453498362
582127885
276970636
124851998
428015040
326212895
709301088
702265251
601660146
120153305
19400272
503855924
270736734
845467547
882812023
257957985
720737237
806499072
537773156
795613932
849357180
494241576
655547209
519081729
23271691
401877307
581670931
469081987
335080916
843419992
746578472
764175836
335280335
533865351
785296180
840150239
601616981
186098544
588464685
64846303
366053695
600237513
840351878
729853973
436092813
681073302
375342164
874606124
889175939
777731645
349994889
409267050
222018155
705979754
794552685
822339312
502455697
538980504
133988853
809740950
405353629
185104834
809684703
686325977
794236509
256454819
605902496
597851033
110533332
366586040
247757891
645001813
255045566
806577777
743919901
351023341
448111984
625323745
750930985
548665905
517262675
293437517
410781529
642415067
795963353
648769135
16751473
607297912
394657351
394037571
105332980
733212420
292369456
221604970
308441435
338122417
491897673
505727377
356239469
358317251
463829797
591776593
855822384
650112679
360071226
748683070
120904325
54420013
75822232
147508263
291797485
271553686
10512876
485913844
85835293
131863170
568026218
773387188
876798126
513753798
897163818
498186652
463911897
297613403
387001024
442624948
63933278
798964063
58170143
392565855
743965407
355080668
552126540
736775522
797610300
837999166
171705917
232723666
808077862
534024845
453455369
551527772
737478870
478699507
181867304
408503482
385119227
869446116
558048676
625849977
648147136
312205182
465290649
501024383
140845476
505849646
625321977
383809378
752642193
658247322
324027427
408790490
347750360
697998075
660842950
387249448
624376328
850690790
705808219
635013665
98400660
350937034
531813412
413441385
45305916
205818498
750768958
14080201
777338537
70262036
602137368
450189472
196194105
514453329
109970060
604048640
539626127
50378461
50708636
137250353
17658932
391657360
748998120
555650258
468115718
777480144
87927985
817245660
97214868
465296328
128840211
503432698
4121655
690012678
763837062
825137801
888270001
454619051
244279064
90675313
457063202
527047352
686597264
74666262
595435599
465280351
153942964
844700692
531433987
396570561
847725644
590321467
406750469
755726434
479360362
498497537
612057967
330470369
215361190
521030282
780197058
366098478
101353459
399460591
270165513
361247569
750025961
363265193
351157760
324403464
126229613
234116785
78133461
386456958
231554120
267799398
382371931
107286354
445559485
635765439
219215668
706561888
66680508
354494489
3054706
198608869
1170510
170261417
128235434
241267993
157402593
124783864
538996138
810950743
845440358
199065674
434403502
338409431
471401233
238384930
61521394
392693702
156467468
23496358
859208983
387536207
865401239
686171864
6613784
612033730
635354592
580614914
497078009
196297521
695128400
205225139
333777674
801834561
770737892
362189572
286216713
547770944
819174292
818186958
532434049
299313750
767755939
398157415
813918522
29861414
479183004
644846494
161371380
302879108
168941361
289733962
363470408
493708811
43864658
497458053
247329833
217351189
218830280
138743262
860773220
842093765
736841704
655434515
158230279
324333311
169910678
1078556
284777062
629654181
562728672
488755098
395132787
258684085
451492400
685390358
686166032
518449395
672895364
580980028
110897371
453957270
312534628
82932770
133064285
178352415
605042139
388359374
624962407
231105696
8782770
479053910
251452321
851605618
815797483
353415487
22369671
604292036
753452223
874348108
51239506
405290705
524222331
617972923
647488314
585035625
654221919
336462294
523422932
104506474
51888832
881787110
256340892
535475901
865943362
167200135
173735520
307479137
839606584
351600145
245894591
136752124
357397309
337249607
118003022
391535934
82361701
553163254
9881166
515933404
710755574
211829709
403217005
512421428
55261197
446659179
578082652
199138792
753349419
873966104
761734200
455398673
250987589
671954263
213236953
861609166
558233003
540234934
155343765
81311915
229735558
772712049
819958831
629669225
652662910
206897088
518447149
729563940
363458357
889593687
80998783
288846392
460267188
54545629
653117914
500899240
476423023
746982794
772881687
710124704
286049214
406985947
677003905
98875350
98767947
242894842
472172725
875384325
639366615
280673423
262310922
765320163
820481136
575347448
229832835
79799106
754428604
526245763
853296249
54925933
526176177
256596791
744957544
171887471
398276211
354069684
743915168
609182826
186842376
286293709
120429658
604315449
513890989
152790068
132889946
428470929
817290613
496956574
29645847
48476541
724555518
406236591
344380947
710677970
327857554
479114022
640489805
784327358
295820082
585105097
877350843
68370494
528316232
372497130
278222247
237450179
682888319
895692651
167913975
703029381
176217842
893121345
722034013
381803298
655976208
448517353
728089825
320857416
65918963
531891274
819167452
174389003
389130254
674242440
35265970
851690827
687304648
502937512
165458327
448153056
466060127
894816955
769365006
866161846
611045708
363150537
841479523
431535242
208612040
356660522
634568477
502702140
680966288
895931184
866186553
481559443
867481402
104063086
46303373
273913509
522171615
477867060
811085674
486494417
388781778
488399318
641172050
15007212
720827359
128258137
430626168
231151358
332181858
595587233
152647628
250905117
178399259
175564029
294155095
792302488
423990829
363571706
161308006
872030746
366709428
760037130
553791474
338949289
789461985
706365762
418458012
732577757
808598092
386313909
300895870
536981309
811790087
631858526
339708905
661458994
858690768
488530812
486094263
279998108
64110985
163782088
83689865
417139475
8399244
823521644
578466387
1277150
27346690
187622819
409468695
114539196
7782904
654370303
318704168
702399914
392990173
392898499
44291772
44668620
81989990
534632230
216975204
757230635
771489901
867249196
440008902
198278682
203587357
483108028
685897323
312809790
415107726
575390197
825600729
145415016
644070530
519963912
389968271
795816854
353745846
161077303
569999038
561599332
295146824
722667281
899528200
882878506
114333010
209015696
21269176
546688208
99728181
366712791
795667463
493318468
332102074
187510992
396848118
860574733
111623091
423686033
771205076
39051343
622461323
881085067
254940573
120402197
616750417
818507375
549780925
809982808
174090010
678980690
311633987
376762077
140147551
737098966
562429984
664702972
724599643
60500264
855709469
447818360
679629871
668163144
748015028
140851363
411576973
556289262
838963232
751577810
805879446
524265554
524471006
769431702
31379063
796876382
366956945
32743758
671531710
139345596
129517219
545361978
229032268
291738158
361611049
365735203
347571278
548820461
150201327
169282502
85165800
290867019
692635742
210705748
666327484
623535225
741668789
745178183
264030570
278431716
470725799
292768459
748656636
729263730
501297347
236667117
612508251
210287374
410781935
346109452
484740240
892531405
679696880
882407440
211303916
475702142
46292348
681186436
541780605
771450151
889447479
836534194
368562633
307316
486789423
186957150
197354797
293224993
86354286
672778817
673656580
488968414
304318415
749098645
497313864
861786905
803548215
320852548
491760618
312012887
560521273
716960631
671285926
112982359
740152967
22635402
372985166
658265261
703235040
330556590
670379581
803038684
218342562
116637019
202560643
315011826
258375576
834737345
46182279
533398890
146608683
754563507
150804501
451979543
899394519
319865720
42369844
192294096
358054409
300300689
206641815
842506268
614868525
865900470
394174974
846301085
5250881
549275090
720966557
209682908
839219916
686934948
743802907
516116064
713321886
296136407
201115324
281147072
526069940
746921035
261415650
362298132
775849809
553264340
892066984
183328572
744486484
608274074
224054014
428206090
359166886
539493195
720468847
94561679
739296288
756975969
319054892
387061632
515014119
630740815
668221252
682094174
350215085
386371351
860708218
515673048
764748094
248710214
560089967
529524299
867119625
77312248
450447966
469429628
81149215
814197955
795948209
395089789
703548728
133618212
557833046
234560770
401089663
759597803
176584018
273465827
434964103
304030135
718635580
888736755
143142467
213191310
632011501
337923711
876332374
875072964
579326896
774087186
361694216
568736392
886710907
503528490
840230762
648307371
435633647
575126639
798871310
178862657
355828814
892955680
362115607
592969443
811211408
895841496
587845573
97592556
32502552
556280807
510428725
865766154
671493341
596263084
470980877
233904302
865792347
486182486
27243083
626681537
467743437
53127375
801030715
297181315
206730589
102553535
279829779
205588603
586796058
59543971
247887654
253637611
792057751
399896372
680321090
542965446
704937665
102537331
880705397
763735186
45581740
419580649
293087248
567183257
207268752
521895228
542839390
539889894
403584126
31881039
462432243
366956266
97241200
413887073
405793504
496025111
724862143
630763549
785010065
46972825
197712704
413676813
862678157
711039107
406686167
300084644
53185653
666813162
456113969
179932437
384473266
151820884
676523494
331514955
847633961
15455250
746148508
563930509
484870686
585455450
653964990
85039501
789814619
12925899
264871720
161922997
833662810
61362244
522982629
573434701
586140907
778157910
50357154
735167859
476029056
624913975
191163939
488950754
632266696
860788991
400086966
76857860
51606007
566504046
716559399
622070670
310776312
852132904
468170134
858429609
66235909
186328294
697523313
822767009
704293845
265980120
136660813
763117584
706367385
243747749
205029127
288920180
746603775
739962141
513613292
514645396
257415807
629218641
716630369
397429163
401593052
419095125
251134644
607836274
813296048
817671272
672475574
234459772
620672508
118647303
111150472
171812139
131158562
526537937
66025356
740091748
650611047
833270147
443373628
589393131
801109121
484671801
253984011
878359560
32782882
293619378
875710059
328528536
278233957
108820873
824187057
121930078
298905349
807729865
449682765
553758020
524818346
628426946
26399042
475093217
28865489
744426206
305986811
762037932
221462049
523340800
843907050
43008454
48579770
18556184
613329104
538764304
102626770
716618992
556064113
63192011
62350917
122406338
710000377
83158400
214081367
219282562
94339751
772515510
628378183
660366231
585476064
464642320
293748569
595597051
105808665
133035332
17788152
867860329
873333369
111474170
420667943
591023083
261166338
679081228
502304953
385012344
240474032
678360718
808536607
655597939
366146176
844482075
229884116
479845676
859277161
240972160
225075576
834903286
61723954
269459650
532423800
182968757
572293394
718531367
451529775
585729401
716357625
210035845
540753638
101215878
464187879
754054658
828708938
448403968
249849359
587266432
825566768
458854310
876770045
177550584
100066224
267618164
356775749
378679124
280327088
624457218
82684434
361878808
265662027
275846377
95004769
534443440
254454096
139699092
592800
255235204
495728483
783809908
38027983
814247637
117876367
750354074
720419636
826089901
123572967
454257886
364461669
156214533
517663882
545594695
193000656
467937790
890264869
440922477
625384231
370278662
31298983
263547701
721295647
311850963
74984151
459994510
330149189
665529782
472264890
724066860
735218101
170523879
111323815
738894859
574106325
14507783
806357010
463836311
490068434
545796527
684390764
769810123
344580681
76184066
660484198
298789598
755772553
334550079
745391741
158866340
116567562
791893094
39671109
618046353
660393836
393454134
341854104
881689319
359093112
396167154
141126718
293430064
282654973
805048422
222321161
279610358
367981022
637208080
129273486
784187735
74840105
415562928
27350048
677878640
630036692
193060498
611912554
501562049
765608930
502707575
811594089
377564906
322314640
440087567
230365299
836250061
420079987
228606442
388095543
632275283
362095892
163655624
770623897
525779664
336219984
199524546
197094166
470007911
390079373
667171760
63404496
762597999
611890531
122986032
772559847
179850218
546604426
488739141
146091821
5087748
694334720
688306904
378961373
51131722
527170841
156739288
655747784
480860617
227757230
825348791
682373189
798325450
61918183
165174919
663363551
627041630
699291676
451711824
382946083
550111891
770192563
603715721
471231531
268933122
633570409
343448833
510915076
799072634
758652246
808916446
845100426
733889593
1222043
2781621
78721715
234653961
20518747
381675270
306957614
487217177
833549841
268648750
304275462
773529929
306429621
124308014
457017778
770988665
345881285
626120075
565112172
405348199
426254949
854733313
75147595
251845319
402305445
528812647
789868498
422189278
393675518
671564550
421118230
774742427
419859625
448292771
438686348
206521313
76996792
60644811
799549576
209850323
775433986
640559767
785529465
844199410
125719994
354509124
882504039
580312974
806766507
434006130
12683732
560590714
207985235
474689214
652490905
546672653
529528291
390090243
219754977
386063216
9159684
547937738
862175204
85901626
32031416
797609317
222246592
8023528
733426142
126449131
791877525
85838862
317303181
534076978
526661962
600911861
583222727
390031039
125782522
676734609
217607488
585411704
771634431
75933205
874877722
28313861
751861926
752139842
44871622
491296169
848850402
289324927
725818024
541257314
710656361
719264449
44608160
254878032
588109437
440688533
875564473
673638964
511055551
269066966
230498133
797905095
402119607
734386391
88503314
773631856
24866035
809238433
809939590
471694033
108179246
160014216
635494980
748221596
31350347
682052846
861398442
308582561
574417658
308704327
194823686
707578492
650779057
250954279
524186749
378904092
82861593
21624530
442029926
250439583
305780549
258613888
153812460
359335926
627882763
183308254
599692073
398758306
389964590
157715033
173881568
554777561
242108833
503708651
850303080
643022571
611295882
863439969
697798816
546952651
853199597
53677303
241840394
888009407
694983998
427817601
612807781
375240165
342133267
191942780
344643166
26700897
425087694
300034526
878257709
499897696
761671005
367256051
415815108
743673831
892080218
471551477
832890714
665117689
510685525
871897290
742047259
863645767
581709718
341615114
428915928
820698372
13368431
141024040
424409816
488691059
53721768
592225497
800669368
98669049
393994619
252206323
886719014
547881188
228373599
119352895
490502925
745021293
753303373
750011520
183343338
489974451
787446072
108899749
770713363
809795969
196078019
69280967
426792353
751522444
422452873
372391817
452470266
112895622
119056432
783425452
542653516
238770829
778319958
52298354
411977245
649986704
305098309
361096773
474280334
804809692
700522459
62430653
250905311
341431810
778202918
377963179
215889067
537887422
431462645
808690280
841235742
736095899
638016129
668896466
809736325
58715645
302319128
3901554
745283758
456690439
329545182
203975120
481347061
260535580
61533619
76473436
61505333
368833715
111042903
398713706
809043272
318274121
108159975
512198344
787527025
313716512
37728788
128105352
68933339
666471871
410871345
601422525
629319522
514219900
565822257
789985087
596114720
787869810
420764013
127202032
61320822
642816172
277186565
604045699
587176928
477942470
643594328
454328148
439198057
448053084
842375376
350352424
105430321
216380525
616415724
755325898
873127446
193652048
684306876
525690923
362655287
459034870
446078403
586229675
669333436
271757272
80650490
743366606
350627210
697772181
161431680
98424781
814639949
788713428
899810483
777826775
33189666
490212657
897851741
459905893
786158485
63199127
888782065
830439471
507833228
388314625
304059150
648649039
12289972
336653111
830414077
491830130
426496836
446882174
278073094
855751096
883791157
462205331
893328008
410258033
383435578
191892693
173923981
749476444
653971315
476769612
746170295
460685525
496764084
191955795
529036882
128486495
47001026
614975167
547701787
197689712
365650783
566915344
499775269
114820790
152278013
899474
376345023
439635707
143881500
600152802
16128281
107707477
856910036
878265763
27822996
444492236
776447428
218587849
750840740
732229725
566073978
2014373
341750449
813962513
612314531
340939722
568757411
218941866
514270110
883553053
764711355
255098946
614209919
322311039
888231229
75587423
225274571
730209597
75980549
478127024
720558354
664938769
127496271
394103558
315341315
430646354
528661349
131224701
814794907
576172957
146645139
509317881
838451803
704789408
617116420
419595994
234285525
512339689
223892869
287370498
819719343
796695445
715128154
833226113
160955432
465785516
564302946
821861432
597569480
350272398
666004650
735868971
540308549
76497109
830119488
48237877
474320906
106967599
342127572
731546885
219685605
795977786
641380013
340332479
224026916
227567625
690516969
44875550
616757686
558248476
672013959
879527192
345521026
234184272
789719984
725483997
415007606
81865250
507840270
168644045
478519050
319528936
283304220
654065163
464194040
711578058
184042716
610293453
47236833
721052742
610709755
851405233
82402056
817591826
458956213
553411375
284463138
69738503
765550120
130073785
333436107
560150430
897793730
465608173
891457131
203880339
358203477
626909735
58176490
672893184
378359128
730183246
341643619
287160081
887443000
646360658
371863782
88766918
661101005
573573745
66457467
108456988
883433634
447117984
20172222
48448232
126785994
804124187
419236661
504769373
445009221
61006735
807879178
259707907
242141321
534772962
428289683
331478821
590047998
844377526
558380789
254555226
184662506
395219343
24525116
788563245
549081171
183232525
467923564
48441709
775966069
398639854
493206576
510173025
612353423
334239591
70405601
410714262
43059275
664429044
34201267
858816983
668132837
843701751
462026021
216813584
233967957
683074427
894005452
321034085
677569755
99043311
537338880
387534363
657643979
235057754
85326623
405865759
576065097
118834531
407538798
586977638
744295960
277268272
362125986
795805468
630519406
217684322
683846297
261832269
249693994
5497004
337238873
393238157
273867685
261773401
218263931
843012360
774168563
357504209
431475714
508494739
440655938
242829636
890763068
165307559
775488387
29369214
298761190
673869978
579927817
152313642
856981639
488941528
226271349
520713284
823926098
806034093
434254457
398464605
280578489
49782223
678410252
118752322
320328800
356282636
796966348
19115528
759670018
259262682
225307814
439540149
656130230
182353855
194647910
878698015
533910360
273962270
870929570
806370046
171022335
1619386
640585160
780951394
106476749
35120557
538373199
543880261
464787550
6756641
620037866
851415369
786180068
101948452
319111294
217742388
504298218
551452470
270727236
718325032
716074960
702980580
315987484
48867448
637831922
893632467
146228325
102209347
821585003
433489762
766622667
728919865
168083000
222479090
48769786
548063385
699506728
459956063
24974992
891343617
450844345
298796687
156494275
563070772
517619526
675884464
138166433
321107345
129555264
765544188
304081693
247675969
5409857
721718221
447665874
484056846
783818500
650556910
601275210
160944444
495444065
863884510
536417604
727711058
886075977
797329175
192452620
31166945
406009971
12415057
426338160
856074339
224056255
347779284
388288658
747795175
742179496
407697300
342502933
833278720
666756889
663867400
852221360
459088097
712688723
406954700
764276108
351386492
664536486
878791561
470967469
386922388
186441608
291060200
99782840
337687840
296912518
307893552
735404331
478515068
469008162
696876238
108236106
562903116
311982697
301156366
517153049
777541083
178706123
605203691
811645314
179240819
268454769
446866635
800910924
451271505
249294817
480560629
516822735
371522622
13287249
632486040
456070790
343138250
58438171
322720799
210825357
183152986
732398976
354089853
48217480
337545199
697492234
148767320
820994032
287284163
296800626
183811437
690490758
62975606
855027449
142388290
257800344
618413956
127034380
460876310
649191873
835957581
658891067
674860762
366586308
215541741
468763720
197168906
758146349
596637442
734609077
714487233
422193142
278571464
618819063
888163756
692937956
746620032
635473965
535800817
677584229
447048347
778616538
61224701
871688152
88880355
492277573
362671588
96335787
651747162
552312086
704668786
509956651
730184560
519096367
849623151
784304050
456840307
709938236
425726010
745918782
290232361
878528645
250389014
65547483
676098752
748066999
830101221
294320778
723659665
484423511
416963851
738672496
856712689
68645347
637801599
211433018
359004674
241311091
749259211
895833111
584773718
633555200
839069768
618884998
511516630
342761505
571119417
326904546
366856138
331828519
421557318
453070775
819479157
185787229
304742174
516711137
438237564
235996209
521632174
790491984
54854996
396787343
75831919
506911963
485377711
691249530
209780462
528623594
413074937
774880474
594750262
318490059
312466500
228345438
857272122
268379886
142564937
325166133
667463683
635307628
630800591
5603188
336909777
811343013
286509270
537372613
268014658
112512521
349518788
735916203
883054813
775787934
75438510
303939648
212515450
286023772
886000227
493423943
674323592
757663705
150200170
812784782
94611358
670581255
656432265
645720203
120088138
401208583
457906777
477439456
773742412
609950112
725251688
478116773
860302997
60009023
487364378
253493349
432808662
616375066
187431839
547342813
293557441
792759472
120054696
92166661
863201932
137611277
137283751
139996797
80612156
408980549
602003832
748168665
711208914
641437382
425336134
637726906
862250244
455196270
274546756
710827352
212747455
210871745
418227861
557445991
553794343
110361090
111413750
256012113
662156992
370175876
746080846
841599481
359158616
46990062
514065521
672900398
288218097
443639185
199486714
845343123
434073094
485994611
198950626
86350170
54148667
737555151
694327803
176125481
805603238
615867760
591159556
891339647
30322497
381826472
440983605
525151998
74942484
594136874
47074517
501145546
640820249
439117866
555838433
192399074
581090549
342576737
93341195
339759052
236573811
217156211
560629474
470633162
371912531
196012072
772695259
774904422
255544119
553851414
701537828
859359243
827639706
346332788
146378146
717073490
102435064
142941313
320244059
762979738
524501035
527557844
833250944
517568424
8979621
728436717
547925387
431920627
241595200
232285839
432906892
204606537
43741898
152317038
232600768
178118356
545121626
741330380
729550611
722010488
637299543
773437039
702973312
183416447
894005420
84261745
585554393
193658114
219484931
305717825
178075408
456148247
855678822
355145101
526016288
545881375
643176050
361381297
772818878
828433222
675752339
257031522
717131383
128488741
454093381
549616989
633414563
345004577
655812504
798553059
50263291
124394217
776755411
379570334
370181294
863223792
675218093
882893909
210163394
86603743
346122609
450243512
513228248
878964953
443567904
360793149
895487683
234897276
598789863
867827509
604033534
269256301
478011975
1316853
795406766
363944024
271083950
855520028
414581724
258881730
76163672
523961114
137761279
65784614
522506216
258312247
325726777
652339621
772477427
313122868
865567588
858208718
185432899
691417610
553976477
827026931
542281366
631921877
669304781
346590662
226352504
33083632
424908884
580562769
251071940
466072950
221099088
267756283
585424334
802250754
774992708
188922811
359183077
799091509
230874283
870117945
557239376
148810591
743576133
590121415
491805345
226195444
36140601
210037025
325000333
570107233
887484707
186440230
681372797
797692078
425005157
143021596
729825758
428855244
104658356
788145364
571665429
87552860
817592202
31514292
35774580
889707498
617560937
339018900
453889988
687143325
43987139
653332240
631192691
413000067
524063200
305179582
153562249
359272604
827796110
203440067
324904705
292104623
75223597
461397102
749575290
814148833
651233668
344694838
268214257
622537934
792408002
832090082
73127200
434403940
115438079
227619114
795562131
176648500
109217843
489323494
283157516
343835417
712382422
755258441
612210241
375228270
578598457
192672517
555541449
607669540
540918918
311677276
327959886
154332336
715822473
443398401
319159259
697552214
213123451
760346979
734871252
761602395
333166795
344905159
775198083
417516555
513491283
625773550
864821982
491679655
572916554
513801122
834397490
777385805
152854695
160828463
219153026
676598625
179220198
884642804
638672192
157891878
772464458
818466949
865493190
513537608
506589210
158994426
462309239
493622679
148749082
444501892
481603544
178925702
560849694
23683756
286910674
479697589
294095142
541969145
325738101
121428069
822428733
576500556
592894261
607794769
670099153
757956660
464989514
136681262
342596419
738914381
154227299
296976515
869821160
725660309
199968303
899792054
57364589
382933207
363902817
360262090
100729959
381878099
552188985
889251437
197909873
318671636
239616688
262347132
169549877
20573576
404462069
219275255
781850611
475747695
822718199
876533480
526881151
107077395
833875827
534202451
795250432
382026732
546529349
63686957
832291686
577869043
94049306
630199913
356222396
76413954
193030168
223918064
203986964
632701284
678734464
492555892
498132976
567513117
886907510
570847972
540407768
818264803
513750799
301876653
861421599
395929135
541386043
648233382
610897921
191482299
73460727
247030421
780763239
503419227
418163221
387269168
696584373
588525882
591953832
144918199
389137492
454575545
337797618
432333168
308177953
699428822
345548007
640398060
432838225
656259406
843799722
465526980
812758411
196372541
785894056
74423322
418861289
19736757
727449391
161287863
148852387
163442423
622290249
192386346
268293227
691498676
451033157
818514825
52067390
393075054
515027067
508558267
741431735
113488459
270103943
1909815
855992952
689666470
676170846
124977818
314386239
136205920
447046691
727783902
569579467
619558686
575610722
656386732
773857809
564257414
162531537
515973671
147208907
815443051
69608207
304679873
522553541
427709798
724785313
477698267
204578416
638533723
133768721
592302006
570581829
206374735
164004506
149716610
134645801
182471869
859459294
14317443
861759186
23122957
873995813
267834950
472563725
776101928
806760917
170108763
594645023
847104170
878132603
97141307
161008607
671893367
44521477
64156116
440211055
764901115
897333399
3953335
488344594
775209986
818221561
760812194
790982152
671561089
105739982
458118035
151947926
747997092
835206129
152535321
795360118
349075082
344311012
244306565
781091417
667349296
403083696
638672181
849894439
156705401
220135693
576833688
727748074
768030544
358304314
103943973
72252541
324419437
746011725
193147889
711933170
589216899
23531701
707195554
830303096
443079873
750607193
118217798
683802120
833158901
749433522
233460019
191718748
470081236
357619817
431196907
894509337
544028216
850414036
441396049
394150167
695386950
669656958
398611903
47699837
79039311
718184192
590021531
29101870
501357932
647818537
99366805
194981777
729914967
124795143
793705769
831196777
11479956
339441825
151029852
486198363
91495787
35340815
839902478
874428817
324833778
579782292
61152301
187119967
35643304
422421506
135086451
892172265
384354405
859831071
651819432
522800216
486229954
634894248
4525975
704261066
834169902
7466059
742162202
690599204
897419206
204886852
827584295
577796798
94787742
241343746
687456319
724955903
93827279
422781010
197154821
830433404
288289080
771785977
233860955
790253113
169440097
683271395
28520243
578102653
510181536
338767073
191292685
712937960
130898546
440226231
11561121
167950069
436705451
754400082
126950702
658992329
621957430
31043219
439969560
874247438
101205787
668889388
574684649
534762215
448758242
511065092
383852098
68615189
261526810
505199266
569997552
837694496
879988273
84236512
595558763
542493161
426434152
320629261
428018664
603917088
863676774
80175477
717964968
531695767
820973365
91015976
263963984
46429175
453713308
691535045
254685685
202823302
298159327
407924367
663643165
458895008
344261211
814931197
868728031
565438050
118827514
556469073
344716528
892070318
258143383
635569397
481683117
173889144
620488767
45409297
165989949
41092304
796533724
755811504
106339236
369371685
108205238
514880922
854447223
230745591
890874826
314825800
187669280
599241707
876006234
560427279
57183842
336157043
149625698
208149319
46987555
811576971
713959262
335711356
748845806
678447993
559674223
354682238
323348683
79966849
307507893
493801270
414490813
580904470
462166636
732980456
87464484
417340288
530833302
168454090
550194603
46747569
518151871
758106744
449751307
395120581
134150758
25451389
680999673
716492311
264198818
103685594
337580912
746000930
757595429
598711844
864121990
848802185
101429075
583456010
432721648
59868347
807990369
447505048
694169876
54325756
236210626
585959721
120242963
574688503
346447182
689125121
587621392
343338568
270015473
306124181
827030048
410638228
398245410
408765341
850749859
197206142
794158828
17887798
307586966
689421497
308521898
556923175
407717150
9146300
539170542
541408994
584472985
308447133
443967263
631593609
799018618
49551831
88525343
584801780
687660595
889158899
112791786
328027927
608604240
338180775
777109013
262777849
120126931
605382634
182325631
781660023
676038428
377439919
207958
134516730
246449718
785178840
541123495
289068254
255862568
391782389
813379333
832591176
454761074
564820979
647334496
21521493
517436823
41880821
380276463
420958858
20365093
58566363
831556792
480726317
330115270
327550021
136235659
134647105
315720396
302368062
705621738
438063227
418316240
118126740
797748562
607098820
751640129
590836354
885521100
881806722
225136650
562110979
655415085
448351166
764841851
171825571
111728881
2511368
137656860
480742468
459568070
346692651
279535485
3199888
733714725
574573890
403503531
219676152
723043149
741570281
766967946
420524585
873624930
757116019
70693051
213837984
735810298
365244108
419679004
856378525
868500646
688753104
517077772
824328600
445887046
149410429
293396506
266791225
502466249
60728834
62079766
150105409
852690370
729976094
639407073
873216839
898579822
888705083
135077276
862626804
477410864
66677548
280637473
805649851
751287888
2113871
576186105
722860859
220616624
57709733
236832354
92447883
435345037
376994210
343158463
798084778
378499949
255461857
43362822
197248438
215257380
26332512
632076792
6871967
549825971
367278819
224050931
587210929
288247994
93304464
482006087
148382505
795091006
599808424
762964569
686391652
726308898
569654455
639381496
619794198
288851683
478481338
785870771
49085470
450358525
389485013
813850313
567162277
884728326
526677761
756569210
421930363
490697724
161192930
571012765
866658705
480610051
431650738
714296016
83441943
792715749
3486166
460373952
610614311
509170414
430610694
288460161
541419192
821833480
614263054
852055987
89179675
459923798
99115025
490733305
619904296
132674645
699801531
359144363
808466020
276338142
54945765
197523069
74549281
855351636
14733523
103201087
11168897
194603648
10284726
578201519
465289576
220986852
174371755
81783122
331595880
7013586
542428538
430967164
277304565
669996728
755410656
236187573
462811991
402094748
307088528
755223928
884238922
563815290
163146855
110714773
521969281
295680774
241366552
495212765
162464410
610639687
50119396
30651316
257865344
69650701
810511080
761941609
356126876
152292991
387405178
374594482
655883909
365824512
856622496
820782479
856268670
311399550
261218502
798026755
189026786
117788313
468461990
814912457
362275426
194184169
70865186
839749731
542581727
339741279
598435342
712967716
300141434
623389897
183433203
862837971
640646043
150215190
398497485
569691393
836966312
476395514
563824190
612733996
830873655
137550047
365146905
281227005
624505966
801615111
441601679
725237560
293793561
494888774
349904164
807142098
608505050
745553549
99079471
251303352
690869114
194449970
30655763
392894754
843173144
235878893
512768397
323596129
24154646
450375030
744309708
233083017
41296301
221823338
594655965
296467243
593543662
11703654
646257845
352005174
30154584
365412037
644673652
829198630
885609742
885074361
806671450
779128992
720861269
499478467
376983046
114409684
589155719
777564527
247137354
756143755
63679401
340911159
241351281
137628371
567896773
284735906
863196335
448804338
664744328
11480045
544815133
518803583
726637288
589468293
790401582
812131549
137008882
173321207
711874502
54634319
350842707
269967910
660758588
93787856
713314345
704452499
479155509
228015958
63858805
563220157
22213212
55837962
116650196
405550618
605099204
770495859
448598616
43905832
282447697
577465132
707744401
260234128
448078943
736587428
535612753
482779705
297784319
370519328
714601997
308885834
416343953
331039624
611610457
510998538
586596187
442000132
358610592
429733607
59928557
369923761
872178333
702645359
656112767
689082053
680919263
758939427
693137640
880790356
100222989
356467434
442852332
232283974
33269430
876938725
653780051
133167669
133104424
634338456
342892422
68769950
369754423
128690843
719024440
837219074
4247509
585033536
610676096
228259392
758858944
264561545
24174223
83976018
718092803
640259089
705062498
561527506
742870112
31520166
364925607
224700729
432804941
792751153
252615042
539225494
23603404
139678084
750515934
175403131
746805399
304265812
604001794
47129446
660874766
449531291
848965581
260793835
338902642
102379300
868361171
389258408
76106490
645005452
456106294
295277447
678168235
752401367
228343541
480980037
391646691
141933000
540430297
843701333
96982221
809979112
495415936
384619033
137142040
222790252
402629835
479502617
319184372
695799735
793508926
660679468
365787094
543758058
576991561
114719559
446570486
279420974
520714321
849243645
384243658
29815443
836486156
832479711
322474556
233988992
708170008
460421630
506271811
616311189
83156505
785316992
848639684
86934362
761290299
818451800
10206974
471311983
585307703
346629013
584368804
686564559
518114687
568724273
250382300
755848844
384149460
568457179
750116374
243165650
360718782
498826532
399476738
81345286
669939683
29353752
386766270
33535877
878213391
470103462
818662703
344921327
796002852
229514649
818140579
805100189
358663569
562515058
510834884
805056482
192748215
3473225
792519163
211608363
220377006
576822308
274070597
743054834
795315668
850831199
351713959
721184273
141401217
562645903
629083514
77281634
478059104
799705668
237298160
211305862
755687531
445983681
137129009
207690248
592155445
506650876
262644481
560071537
644311474
252656600
371043888
325983424
703249113
121937794
811858281
260671103
449599762
705227628
609352640
134829846
626954221
116111126
851347161
797766449
463501702
611464639
879109374
112913724
677015165
744342781
703283573
171793491
385775165
13011004
292755390
121231184
405463568
515044708
712817176
377760946
479280349
833129534
809169361
490347457
811007251
46643791
727738403
301412521
205813713
740157695
313409456
148922745
25320077
859828217
612258384
774501783
845179667
612171310
825676979
231021274
797052077
828034101
270055658
66051501
690655181
76456587
655884175
403098530
586120671
152550870
478301765
570417728
12686337
423331942
797689114
102625044
398284909
593589927
265294256
855326989
624854282
186124879
499283423
791346402
502069235
677097030
805406401
757655699
117770384
170237629
138275107
26011720
8176365
536803690
548141453
827026653
660213457
271030803
446014638
232345474
659565386
105084112
671433800
728806281
670706709
303427352
525889655
422054625
78538109
745841671
617346916
240591255
872530511
165395892
269945377
370064409
212839122
175548845
634837930
162492553
470097092
266553204
416501453
832704683
194299180
907986
815941214
612034447
463454122
469859455
92626221
897187591
323070192
562715297
354027955
6896164
490753786
458196858
222099827
40855527
757552669
43424691
284686906
705073668
875155312
527814812
700235669
654924149
585884940
598150274
844897237
481570526
358594161
603408620
396478872
119585901
395281226
492875791
355620806
358442847
676210110
470112756
441387330
79810607
225765242
402800929
574161682
638497287
893352964
838970814
83006095
858181300
146515295
873404818
537303070
216203229
63265301
270035621
732186347
69038510
319024045
118809139
142360890
55932041
631655681
77833103
555105482
156393570
586257753
448824311
256058220
747499676
736519864
844347842
293486
576347147
6620088
95778472
96114446
330396329
215645749
311524474
224656620
348355973
378932455
576066400
708793786
242993648
759579955
666417883
743487671
163972122
58892241
549312218
631394058
100455390
86240885
538047436
731005328
733116323
80492826
658147213
813466440
407006368
63618559
217149144
658674925
36442254
382068381
486190898
858440321
188014131
104698310
581594852
97569443
885142346
223508401
545717135
735021686
747044665
440132968
684651647
823592590
810872978
192812693
492352273
706234626
174996017
672196517
428000033
524929817
234491976
76339791
268318080
825411850
423464027
242519454
686669623
694951041
19169556
791983180
718349180
291747096
602136633
266662997
836952192
253762982
151991130
670646218
429418530
588096818
869913504
281723173
68795130
712269670
328843752
526586520
165002118
69226663
138295720
744184247
270859560
345494116
585670789
735629371
689635753
336756124
170875277
581848334
3244756
254597694
574737327
532864147
292758650
890051155
110911643
662285588
140954531
391180484
749014709
323916794
68613860
501230188
246535823
118848547
629685840
437311969
164443705
91092575
181424879
121270731
291408606
855485748
478914820
222915889
393546421
602175627
492923374
548145969
776816924
342624432
674056269
141026326
52311143
305734548
735454641
339790993
875339518
544783669
304410837
835180652
808577676
765631506
231111425
256944505
701948267
631252151
443258102
870896067
428542930
895409919
441518271
453105502
691891687
349274064
407931032
119567897
682651843
508710369
583769643
718248201
198402298
772097332
814251426
262816412
653279090
305499497
245411717
153246265
597613023
482263763
746194253
240624511
158539305
388065533
428087110
706694814
117585772
46219898
564752628
26178649
122574454
625096494
464108429
488321408
727631029
714313372
451677814
248967439
107697836
797933451
873255130
848268861
574312055
81530674
67236922
164204909
28518734
652438965
129742191
572330878
710858756
509624912
339670597
739423292
274391184
287434150
706477876
453360209
234895720
659224212
146654132
828962971
199999976
75247417
66331020
692592538
735905122
666379176
682420010
865070539
419780067
708292791
380309101
849352106
1182952
883136064
513171828
311821715
501749876
269804688
143164721
598727228
615778978
713164340
313760196
225065970
310501267
295767638
834732192
680461286
259413282
545558758
689422471
761532738
811778412
536133354
61682176
196237910
782463146
372793926
595084816
705132302
223096124
498979890
206625667
6221452
689971487
19649812
353791055
227284832
183794171
596048087
823263129
6212258
671777008
719699566
817014336
877111483
107876520
467070093
739773062
573317210
858514383
852228815
869939697
60609420
393779040
288754280
120646156
121125935
725348701
472285107
849826358
889500923
368902628
334067156
204167502
401425539
239597907
413184362
389612539
233659737
120342361
377303390
456171816
291890407
616216347
398781847
392094497
713717023
733996473
676897459
710326223
451138088
499660828
567671467
88189736
221107279
554149407
274462366
690266829
240504785
35555467
266904047
500725564
872161947
620208630
646089497
503123278
480015991
788147011
353786672
412257842
187419592
681541873
492019956
321647498
630894330
98299674
5949655
537568734
593254996
522002739
818951666
572402193
473002363
233659407
46053512
658751265
147861388
252355830
233483338
492383483
487138770
709297714
782640418
708782327
872479961
162420348
837534160
40636451
216580028
7969481
604430637
814327132
515171659
139914341
452128038
510956592
169443604
291775105
644429825
497632915
128052814
342325193
356910224
519064476
17461250
519818999
838971550
96184937
658930907
873465369
547993760
647695239
272475489
413117722
43225498
346814852
325542825
258824125
735037130
405472895
725964988
711151448
254660584
61477953
49437364
573766989
381854769
814973402
375586578
138651676
485996467
843377248
594856043
355189598
233090110
763116432
850545437
339297847
60551808
163422625
518169787
167295539
262301968
415495236
312277848
286347449
413920669
212304170
24976686
592604597
142922359
722392056
367719614
294650943
671409272
671712742
156558539
105789694
156632842
564664894
757696729
459071842
149186483
642870933
816328714
196682798
783860641
190651216
752993966
773366918
471036922
429623958
800890051
58568232
458507782
558714824
660206762
206995375
19684571
125089255
692552573
872783458
348112898
894079677
293752368
123444196
346276200
506369226
570448478
487442835
283492389
143393195
137353790
123254960
638818986
418375518
101943456
630787194
161986555
723296944
462557726
493591571
187059164
706125759
473837832
513917949
379834407
649036790
65824086
535372517
775774976
403918532
587316129
273124168
546692676
251010573
719601787
716547904
858673057
399901947
411192062
539832181
758355091
28080239
168542115
849229853
853124794
407683500
729744906
835986250
605441909
335097035
365123924
394939152
610780602
418560775
857932582
319226261
305116937
806269182
490887873
674351279
112388802
407908876
67274089
597002949
633282655
827050518
594061131
621090676
768346608
421109006
412628321
725489384
742286026
171391457
23105748
51133156
128641244
154275931
563256895
26563527
425096465
610594796
103309447
212456245
260170966
155479723
291333745
720994719
269668695
698058918
497490730
499219521
657578568
696258115
810757473
124349686
714664796
170471002
26076786
114647777
120361387
115479162
841728697
245905555
848406172
574331959
785272962
330363905
212580421
168585389
491081349
229603412
275239571
13993672
528736064
866297202
764858246
7146224
570619507
323360050
102653028
486733165
374776959
465385808
797505722
134455497
391206482
53134603
342924957
650128550
85606783
600467689
266758869
538703195
136665956
392736995
11414001
206119392
237310237
460243893
193575215
311496905
673031261
372255228
50176999
351023177
427032930
742784093
273277539
739606591
509108665
48943155
234011328
530189944
431757605
178784458
215110076
702169820
555575516
129715123
644514859
361353566
416144274
636549894
361087272
12946781
67175985
531958086
401398899
833953411
85403495
337874826
491395953
100509918
814011898
569945788
814865459
567494149
12805371
284828253
100683044
566513325
54638167
606591688
429692527
274989526
464696816
636321497
732245364
284225751
280170233
310477266
599670699
774959678
685597092
788248946
784107100
155510401
765196851
863624196
693182001
787508942
60671754
582109391
291685126
576308652
791771024
336271825
690059526
151277056
467749316
564706548
642518333
275754785
237316927
824398042
553527403
83857034
564923975
172824148
699263879
778045623
300221586
121871843
688916162
286750578
227140148
180066031
62108481
496716573
363428200
675100021
438462424
346305355
55267316
192321145
489482980
369577849
810861834
50660268
399155836
484028258
120653789
486849466
771626561
178214516
140047318
55239647
594962877
16742274
261991008
876435972
688172111
219314168
613900620
124068284
566826958
771308402
809813437
313529602
437676437
611561918
633705738
414793056
327843016
252237123
68583561
400159969
149134733
358871828
828521013
460198064
822722941
82740027
893727854
86789717
281830977
706833166
542156831
419314887
268316528
119854754
265506393
149963433
285391755
98855092
748874460
874427984
196442911
635465871
35112103
554662124
602423965
33481169
3001087
128217112
776160028
248432111
478519371
469996212
510852726
299727410
372072553
372910988
885524025
51965041
356886347
712184033
534763544
278605026
811617495
83813762
287122611
798260414
591684770
616061311
426551069
127118940
855826986
794358491
393692203
751456370
292627211
330873278
715350995
89377280
856597982
1326523
265854582
43608822
398463823
710857230
822163347
479925884
723664215
506391112
675784524
8307267
429103646
225295145
277124675
870248673
187922733
468425655
202990228
510474846
898341469
118678050
859203469
111489053
167613321
581848742
115351437
73187988
593300577
24658810
886656181
485394765
336449285
636057350
852664810
344047424
623613729
541860731
697727497
532647392
338559670
765579401
203160377
717257883
897187185
253178124
639338800
598174045
373349598
448440050
854205271
857858032
659626769
346209794
36074226
524636876
508238130
319662313
792175676
562073527
561610401
266165568
67211505
264333704
211264476
311305651
763636435
144327020
142077029
457790411
542967423
145256342
571905228
759541651
704037778
238108193
283227250
164874957
402723363
294008869
251833046
838582136
359720863
341478649
533558379
61655622
184712710
651252267
517629526
180208096
759127432
381354550
490272714
475167590
166595968
73520270
417681574
27499122
391483222
502075233
574900215
30795474
638906288
152390572
534040785
547254901
695119148
50645928
769247673
345853663
359654746
292873848
499847875
265876378
329505876
314141468
567197988
597994011
892880936
849919646
315311039
173697028
827613176
259821166
495770280
827386388
81043146
231925172
384340676
519947597
809564016
196401784
870323062
390580711
706335607
472707399
298147236
388431766
646107254
824585526
801019996
121234667
107920780
804101964
587773175
36250034
454241420
805002894
347153365
262844984
210631546
180852347
342273234
535307650
241545808
560194737
724105872
93573525
656312009
583727442
427186382
839615436
86798747
539192717
210206870
29095315
521869939
757973401
501204025
755889766
184455845
559125754
156617778
260584138
16652534
631342634
856876645
674104004
681050207
487876984
253854929
220385924
257684714
866815308
207624455
483586113
184506222
390634613
127989939
338023188
714199895
731529302
813406496
486334980
736072165
637570809
38887713
131350523
210000722
222029519
153253465
211549766
247913344
856440351
312001840
267587990
363981201
272011900
681575505
323767381
112408877
555460659
319965409
326642224
61639054
780440560
412103872
69853388
814423726
253524627
552486428
595668233
180020953
863981924
598591450
487166651
782066840
501339422
19258179
434409638
727182234
662404068
515070564
8086315
646448159
404481268
593651180
677883044
724260338
26239851
701830913
510612081
68504513
226458148
120108284
508023177
486879941
62028894
889581907
225984404
283923817
270589467
37834885
475108031
230418578
367836562
852755740
827347402
109118588
532746827
323684815
647371956
471192864
234757463
443768438
770247210
651961338
179198085
141556350
333425759
776039662
616282281
570774308
127190119
71371548
788525583
378383321
438894335
414290196
464106444
244793327
208420471
809575293
817822162
543274958
328710651
538727871
601634433
805102330
78601449
485106089
385602378
555434451
502984943
203264267
94066951
8979831
53237620
290385200
701524184
301928717
557608037
893591192
583201239
485795001
209027885
665844565
800087775
773821702
537351125
589272998
823507099
389862171
260782940
568690274
265877881
559822173
42780489
895142926
186086491
546623908
312865202
645959043
25193798
60157183
834352146
78994057
299156705
473559637
221976426
488606240
702776361
469690998
838749323
132399896
375086619
252261890
538286678
32827151
57317469
290592307
88540084
153039138
334045178
35785221
638312575
577203350
156653723
55936373
365991021
416753835
182405645
782589643
538142716
20712045
809478352
407648764
52223208
95641796
898576718
779689418
553681492
24249873
290268419
417395801
89114910
513885870
293285610
405440372
520055912
67359423
51608055
270858966
469545959
505688802
217397827
821442606
743155829
400088596
883850342
520437293
210979723
729526473
406144006
224970733
859887970
128384445
461303929
874726712
583484615
553200163
422682477
519999111
820176357
338595965
205886903
381169805
246234933
400106551
564759719
481173870
346895595
786099764
270312030
360024305
465948005
55641866
208229087
106636670
88901430
801242475
30049966
755126369
456536954
102344103
441398095
539493885
81193969
880395651
587712903
415016095
777377017
236544558
741561608
296075762
847164718
219695770
861393290
459739341
508118416
894338432
693880823
282419807
52085008
39666143
731644590
370863424
345744497
470810671
802928598
365326087
543946298
85322620
302381088
130356766
220390974
341072166
243285991
194038046
570354107
719739099
187661343
806625064
671133940
482743929
872962710
508391379
195919570
771981681
775794082
281970047
294283778
756006892
443276475
46711917
700211740
384002519
251963969
300155156
330243696
715308270
34821469
653997921
785410631
257231542
591160281
208696532
559754709
67610927
870074320
548969195
345341292
27512608
771803731
543185138
763051125
454151504
7119705
827160178
369631777
659124644
135993817
733704906
818636651
700143401
681406137
364675263
631706626
508911342
526259095
310421003
633805553
144776315
1362531
505797284
491832325
495741570
625078778
834738930
849783421
812931392
543691909
833583033
105250907
306719242
33057172
484529522
663501342
163099127
383619347
88350552
272897526
702105501
483261037
692159507
575045307
803827865
54620972
158193298
374696082
665808052
803653754
23267815
123805869
381676048
688105341
471990202
679028522
152817541
605450112
556783612
6161438
666198355
892555744
115362422
324522235
171964747
642953436
160079200
888157714
15299111
35816575
723892455
773807686
509623737
678696700
467560043
527310363
171658531
453094169
45822851
50485818
301675563
567810333
802774451
606052749
616736046
626165958
719843281
594540513
467939679
298560692
840749588
221827709
460082530
666281457
228750086
761020980
484335604
819116811
315633569
841786525
834941690
528926635
91585282
330186042
248259249
239486080
203883362
1188694
803701022
408144906
520575269
284043001
894608937
885497407
868087035
599634524
653537790
300636197
470492199
246017209
646536602
700210901
72957287
199420731
183562260
561685443
652680034
750922510
17005725
181904594
422180708
340553277
306352213
57465664
685197536
362393336
606856488
495964614
46311125
276744402
868894192
838321750
340221666
555899270
506276497
747499388
861922810
67954611
799216341
506199005
174918384
199306111
635182278
537081515
527662754
871638601
523565399
89819631
149941485
91883769
131621468
604404034
575863808
335189546
146584637
350564458
719973836
359811794
679602386
265687498
576001258
796599821
188677660
432317789
101688086
119131836
57601626
71367153
564254764
370197956
574726658
770895821
687212675
878538059
703378550
842018932
665232248
228256177
647320679
624156940
695982133
672490619
286543273
459384611
695754904
515530324
858459223
154413981
816505802
676992685
257555884
564665307
416542179
116494495
494442691
872552204
397923619
531863765
99872514
179865787
146666652
33189449
245450456
207118761
322687929
120907571
898728754
462165486
349059194
224865885
328274851
359149234
833664757
445922467
548264405
4327587
528952125
699711202
591460657
475479840
743190555
866184226
282360801
717371443
256656390
13405293
84734176
295848611
275007730
16219805
145985627
399587668
690088105
613125968
643078468
413799838
827335663
890042725
839335012
415368047
814424137
347804005
542711021
504283505
761250341
256322628
596982381
542028484
590812428
278938684
298477292
169376385
90614419
257905714
319341315
482182077
891743297
25360094
638574242
814635482
779240861
107251623
859741521
396807869
788178547
778450898
319633226
568027730
778088745
18892426
69137734
339040552
134273334
30686986
704019683
294518454
735723414
156256023
608501589
788034772
681435029
206661658
323046936
326845336
240697070
303570304
78264022
406400764
409194682
26131771
573387559
53512524
152275407
616207332
499106988
5432212
259274770
338947967
131842781
67079771
414665600
333352539
742096417
483778602
735759169
414339756
12630342
4484853
149603026
329342578
646384763
143480238
250892512
580440411
258481868
289735711
139874105
348894306
806153994
798984406
354249434
607907573
226991134
854982754
562209889
186251800
98688931
509260964
246898270
64048271
142603338
44567944
612790935
703575135
726623412
238546506
806303614
547183513
12960661
309623629
480294779
564982222
402060654
729989783
130344245
877340071
750378613
306088823
554611133
273378567
80296308
469369815
742756984
687528965
852869179
300190364
350761995
135370608
300331795
498307322
495260948
144377891
105379756
358692781
748239258
166499873
450703901
113682205
778159941
689976094
507914482
350609880
441120683
798207869
814537516
448546790
476300782
818724676
520734804
698201500
595250825
422688431
197789415
542326806
165831887
177757446
775787266
113083502
581017986
393583514
551340532
663729323
272949508
38670660
751951280
332374931
595201023
806142029
246687355
898102058
750912548
712204106
590947111
489302135
348010649
740003459
535797138
703472035
888900587
709423222
767623172
437048343
786374700
300460172
184783746
444918098
28087858
744811508
237829949
609744924
714472658
613654973
585679013
213605987
429659976
842771148
216991566
188201109
245223023
698230546
298268081
542763241
165612160
78712387
278021799
207789035
818262326
843189706
28690746
534278406
39435480
382409743
469419694
756299908
562522567
229682520
814216112
690565452
506395219
807432227
331269026
303955665
556965712
78205319
337945285
168641717
729468637
650918571
607202159
822577202
738859351
493848525
13987332
85217093
463279039
857228039
758749468
841504800
876065299
335271272
288808486
704917896
190998130
863230598
837203387
329154103
310418853
623408850
644938702
720303812
534299472
87456863
503554519
38780677
681863495
593678376
539509389
204293760
642338161
652047336
309793875
29475525
759248629
693264958
458678569
636262227
712051230
297599907
822301520
519030611
259116422
240176590
801154407
329488622
135012846
851688480
585747428
883986538
174449027
745862787
444418574
531696726
40401215
508008555
570185628
448286449
53660867
463643413
47875089
759263072
535201515
621912313
582499753
561091669
858466087
159248406
427411489
758157593
447263773
686159135
161888325
622455206
822976225
146390590
385283631
37666399
203170114
599530851
784204535
310253191
24526225
814748310
423952853
819411490
295179590
621988537
15703066
461108715
298630076
302498939
858004622
675449813
300529557
569545209
373988337
518845932
863544006
554259253
135519092
754437973
653543979
97960846
145215298
267307256
381221336
475569409
247585778
745154881
713500908
246371345
554120801
91394966
602962368
312654590
602541517
265770021
612380569
354393097
352633847
186265571
652063374
737369279
833818203
462704513
173827652
542606734
178360827
369350538
767761554
386170705
833086449
335767418
628416999
529758889
90778846
371152704
832231133
49995050
345640186
216574472
205026201
321405925
831686032
452245100
722908422
315242453
412811144
855980535
119684135
63276040
635468499
838526165
98010083
586522727
131454933
624561916
563048005
39350762
718126015
887582918
393067365
310271622
43925175
202681085
522907670
541233708
227264844
588903035
54085627
846449071
83276890
300577861
585940240
453516263
477829006
341208772
692011426
254258212
584341034
829959146
297602440
732089663
708866658
111889383
141647718
373495610
618594823
591929020
611975100
8447946
115747737
687510520
757718191
672248625
850064658
827736511
200765335
458786981
708960783
470203147
555648524
502412809
657887817
57061471
443504499
206930059
303649662
496470516
669312007
371072165
456853019
116074251
193350618
263544669
404966162
216252257
236935331
802418195
527521823
844800711
556267646
225645414
92283004
491723758
398378012
622350771
683490293
359476323
510668159
185024119
849169261
461522454
248620042
206224021
857629016
620474003
637080603
591225197
701065341
522418604
452903655
790852126
353651637
218370286
253462025
814287675
632402856
767744274
340812715
569715103
28400941
828023839
422768956
467909281
689675614
302592620
563382288
294209551
279994016
581466097
390319474
92597183
212534239
874597802
629002845
593500673
293485354
17839589
513421388
32701161
238266640
171591272
404366554
691784342
565138232
283228086
262836800
70413648
154748260
649147316
80503109
826024624
386706279
71750032
514925737
748589318
312628617
701894697
637500395
531844025
339291712
354439790
385474990
380720113
197030336
447084739
35882466
508330927
44228323
785047061
774016310
304429799
876620649
859290872
889752026
141944811
2626495
223360239
311658701
210003219
680296807
203333342
403595801
233498305
311212656
812653167
11430694
118999603
349253687
756553054
191938187
841704442
872813583
337730085
886369693
109876274
684856417
521421475
559036556
440910399
198403781
129719815
571653702
722168524
602674259
424439370
850023708
532328650
204071400
615454542
288576330
674021456
898321911
242758132
838676158
626743479
85732689
221283236
841185259
431802440
794268795
701362132
16455369
693680176
617213763
780894282
522454639
563489918
100031696
192323304
32732536
400087321
293920524
258562795
446803310
163533401
840406136
846156562
532312626
727751
812699466
614598855
66465398
896738752
283009062
728292172
415302305
528423197
429832607
497204388
157783654
528516255
139320290
400904164
483855501
415706856
750692872
896548072
875013007
671331188
179959851
32696057
169742332
519788548
565440685
328294708
572897726
802157835
228164601
257721387
112876375
475712671
738683941
269795801
708905472
393308234
495481862
887496071
620798020
873116254
86368578
808276675
52598372
110985466
567648716
333091298
287612790
716119278
271532199
546711228
415771755
263331354
749171177
513469329
63456804
239678639
153786140
504272717
181880024
443128446
656425516
859489985
686126110
72060759
844414959
877019558
546395086
861738680
297583145
811087242
329059
434948593
132726228
283490645
154236698
533612039
591842547
314063949
48323722
42450894
50271632
64360289
14107880
876304194
661311832
677141710
29982011
105844670
235171087
804015854
874848116
894659432
312105172
263069844
168521335
668828218
646211744
170003910
390540937
41033498
589921464
702932429
776604240
706811993
390139986
313036646
49849301
737491461
95435549
5466599
247536158
848487455
606828589
347089806
771245550
607337587
547282889
395480119
865149824
740609977
9449414
127454051
434525406
522552445
263687976
394977135
358435824
123573952
857478731
324037627
753273685
37201858
381444500
68073633
282431146
851377621
769046997
156176765
482291396
265398176
812578477
73248086
708721773
156966397
647984001
208804334
186422251
194517351
878996493
343661370
571755454
41907302
208859878
787350069
414124994
2757195
418443814
741658792
784690759
270964913
212402993
748414468
393974203
456374935
166925789
136347629
816118552
893467782
351070493
744123555
858645058
804451429
756899584
614950829
154615400
213794467
390853519
22555786
241780001
882136358
281420959
514572363
550492493
811377768
356433077
623485001
184035770
56567056
560142819
619212662
267104481
514401538
284598026
728542363
328945188
628905873
570078790
868114234
180715554
538355650
75332494
489969310
761528126
36628203
296422019
638409573
774273580
450805137
895276440
385773026
240608798
425653273
144759636
143006882
241505832
681402583
548252221
870232735
695983094
515573974
405197896
258349293
677142487
84921663
96106402
661398945
319130255
522566034
268967726
642307677
324434968
646608366
895784145
75329488
421381913
84422072
652648151
820834284
77772364
467952028
497363891
616629162
269687130
541685575
178652074
591076905
628516283
413709004
141892108
379604171
536444599
290096004
747649901
110415616
226060806
843839947
589682623
677614306
729766780
43583695
373235207
652934870
125138598
569296929
222148315
755968930
752997648
407761877
355279987
865428766
7360413
358591917
438991492
556318581
63008485
128418088
588799198
196486044
107217867
38823077
149001155
459991584
780534887
689629071
121454847
58428136
605195546
433982711
445872503
282133008
291148509
818184539
405299671
673766748
166726643
76429198
186324770
503020009
595525553
845284970
36220543
147291452
394307804
293098460
80938468
729281740
359600152
589778071
510154997
2809656
586211561
285385287
239338505
414400008
560840278
721662209
505043593
22323500
714180573
245777937
740614173
619694252
543507775
348252245
58981324
898726718
594934655
206253387
83028441
216879026
812306066
195611593
431566954
818298754
174402774
403185553
556015536
534787360
599284600
240910204
381477347
719385536
839074687
422743731
275670794
395431415
276171778
247509652
124871626
149891496
444549016
77924522
834148188
133627531
144430096
645945938
607400041
322664946
81411447
7423180
335498379
709470609
402554151
89661480
725242077
593504619
407124344
480022187
473994374
566708303
581903212
172646242
721552933
176912439
370161235
212122284
244982882
7801581
835445872
468193698
417709615
471172883
303128405
299138594
889451780
426341706
672169316
602957985
716026909
245287065
255521514
645524862
166172039
750326846
152697255
857932044
650287885
120822568
767776921
838516559
507762016
358938039
397438976
631507461
234036762
25676294
853161675
896544669
701529157
890453921
438794041
115183444
417927100
668325925
606047457
786575062
682419724
555453130
247333458
302738009
752144973
347294869
72311309
779019495
391833415
154871506
3866740
587242291
332717912
338486476
397204928
464507620
270100919
430486062
5622151
154291029
273199429
670012557
522799678
631081237
724191983
766780361
105947983
591532388
677650708
631910672
544602093
34439678
175633625
297611060
578545262
195661912
69218253
882523095
186081521
884920659
549329352
223178844
466158265
641542620
233880182
103216548
494698436
197009952
280955691
875812494
278269128
851615672
369502607
9300165
279059777
139684992
894666842
405211912
490692375
236096635
794280499
92754193
741200248
384454956
828303315
475206984
783744646
317527084
360134169
538126116
820359297
119687320
37950360
360932055
536132447
827704462
264396026
490531315
703507730
294657129
85735776
397511033
26168920
607846267
100430498
179674752
477141399
564616445
336234160
545803709
761743449
631745839
353583567
514677493
224794482
654606585
308993646
70770616
272005560
270359972
20898903
158501500
774820430
590348410
770877386
243844377
806346248
187909783
867744092
372920955
206606961
736527006
324396425
451367877
672901064
748658614
355020906
86971983
238850450
712744531
843167593
511428437
844212315
537519043
889149305
686107891
167052879
465089099
576132046
782049240
540101994
899694881
116257694
264031361
429187828
116623209
205309392
162963470
604808933
293203890
711522788
491408380
207499159
618081020
44173970
515334343
894378558
326669376
502844359
834545289
233886876
749221211
157611986
791851300
251667367
764521956
726038292
170211202
880695632
228352968
700685604
729699930
448153872
824143881
90884422
122241099
772478595
16781695
655489646
734985875
104597522
439697028
312700924
696496013
256755892
741950767
155753658
777272545
833442237
171991911
45316862
493600349
8566037
745520992
817683043
634761697
218995429
530303942
845002812
805944986
545598964
713134452
752544399
504122710
625589
226145701
388750441
387584297
787703057
60876338
305913517
159354509
221429803
655031984
259382199
213605690
125692047
198655567
735785788
340403260
598958611
842224807
383829746
544639405
872618571
328183069
597997739
283277167
797137478
265987996
265827212
816366918
443592356
186424100
23237126
153186740
272104178
865288285
705285688
605925657
756643598
378765627
633358221
433154268
738512094
393647830
773969865
8007443
896420367
247678843
30164512
136888794
431632859
799951285
255075022
705708305
153351943
658158579
221957757
73656205
767611318
617891669
862292194
886542473
481246247
815375440
428980094
800697286
21464601
115851360
666570487
351915177
354262586
541658881
21496743
348900901
51071078
620608198
468347809
68477228
365630642
387188273
593375968
196550375
72979168
420900901
655798928
552580719
810531026
227499477
198084089
212222675
729110309
632162727
790647593
639904620
594967113
395616297
506509895
891272544
861576478
303133838
139909017
375367986
499025031
26776677
780028946
804965906
447467503
188356685
649431839
629739082
414668945
153532423
714928158
799642800
128261963
845697164
234768
394921118
10050907
211062141
636280307
624742552
238606702
293913726
83909821
37439095
683346251
292384526
469635586
856691714
602075388
425805790
584429907
599067159
207130913
724394461
452502639
390623374
638124721
499733277
229501431
67679928
530187567
606812627
529207504
480327885
425351062
291427560
387884129
688402075
896808661
238514396
712854142
121147288
31982258
408548309
506674978
207792720
130285056
609380976
318660704
459421102
625230578
535759018
455495738
698753282
616677131
287541787
748922110
594734256
528356823
17170439
753248503
102597190
756371848
303744421
386488717
714394611
127409629
547286914
837558677
572794418
42993219
628506060
231396568
621805958
326858958
487691572
199925991
814931521
336184131
70934232
27836702
564205824
843289647
287939265
670651428
260033305
111917667
462668873
348757650
880741129
262633681
533103671
514216327
554265571
504818444
251871264
136663481
659705513
35728358
721453795
365772016
747003789
873924325
380231438
48513940
708326926
567064378
457933456
510913088
278269355
672416513
302992124
795012006
300287709
716406863
724299127
45214415
362251457
868664898
372935094
297468617
572730119
772216090
709449390
484564537
667497571
665742730
400311649
765362184
445077484
853334323
718003094
119739079
213990908
114950116
480704155
51026575
421713809
884411285
613993673
783803787
446585600
258893724
164715944
865089536
680629368
855310650
604134692
167447683
260855477
52386583
39659253
251600743
153421314
609385161
812169014
316785812
90141874
713695752
421585488
618601659
614765281
379288969
593403065
570079412
472627259
172151794
460711363
673491321
377840906
663725647
617815532
860145853
277113380
308068069
348327153
23558108
570186751
508721480
328957379
379309493
415976586
282992409
203093735
104342278
120568434
851863600
443185773
673386335
279839180
6934696
554054624
321813171
583941019
761372797
91217087
529466984
524139350
469619245
409136240
870024132
164074815
503448475
563822067
27116759
578040651
754338362
355619276
393604509
76393826
523235107
784506851
186214725
85148277
169155486
601047609
659172991
567904385
421381815
282923597
577314892
505819734
597348720
112388346
606619092
612274734
837100724
745931122
160288901
854309003
179658974
195910862
7669676
270561525
247021553
527798931
356894402
167761011
353531627
139133223
749067370
134775673
611585935
675075000
13400889
128020713
27589800
727819505
42430984
599558011
410425550
722690328
322592152
22800439
196727594
639817729
494024321
782716778
664946184
92906294
874282125
664835439
12471709
611204067
436948574
31246238
102994743
68961987
547037345
210117398
127809163
477151633
837263754
555207552
620897200
210981402
186157817
33629340
597023153
456525048
437216510
775518599
868955672
683713050
222009525
608635290
683368809
527566130
740188741
834144193
573805073
17043929
165905088
24066424
841491295
436016732
715300619
411148136
444784364
383139137
802587773
786849581
569830243
263049032
262508161
220948065
633907464
697144455
740381587
725564195
228391817
720443433
566732782
208349547
342966018
407877828
450499572
486510037
310627863
262284678
633170063
840663047
534752494
533776916
664851976
335375861
407939684
458433901
835832262
405705390
573686240
413423766
498392546
37109061
721975487
604355051
180293219
13127619
686843261
510756001
588787137
571261223
660891249
798586752
599312729
108606166
642356264
402500847
576878936
584001269
610532370
52944400
201556126
151182060
835668954
463703723
606021716
601014798
73314624
202564301
255767988
822379954
206189554
223756355
608656201
583636342
633303466
753386168
654560238
17490794
525367099
828781675
82509463
499100052
837714966
179506032
472783365
114064169
673848477
283199270
168455199
882347655
641538633
743078287
614892289
620456023
477783982
169966798
443710131
503581334
745445513
182580098
474967308
727023520
319591126
492975077
645688223
182259482
579375972
80114
461855107
512841475
6332973
803217944
749867463
697642603
709315655
336263580
137079540
317031404
580582876
838735479
83988172
664893974
49740173
681436451
417136641
40503637
757819688
148239063
103565604
244402570
282945094
545475716
609714508
888869971
893926569
681776524
247551401
858604580
369970780
194959187
566211932
13382012
38969454
162234448
180416946
647415927
398577185
760936454
350807905
753790130
673570667
525470165
144514925
475951841
416400028
341586357
83906226
233228782
302250230
337597921
131632492
285090298
253100563
738104544
307877890
784794786
241224344
697882235
548283102
16171809
631354551
14176948
615498203
790104272
388621919
568203445
527431860
204668251
706182773
258870306
831930455
268625174
482668465
300279995
213562618
490710826
96916177
123438658
84983955
279792701
731366069
462197695
779821656
882430425
293984692
197653381
466397105
317702363
773522360
234016450
759341985
524516603
647459059
309168572
8346450
173200246
456644827
21817456
495032765
248563417
626611352
793210271
22213059
307083002
379261637
72009384
71417774
65138028
810299481
872369475
352173036
282224008
497977657
712836721
718476087
776925562
718159397
5738717
827903632
16165869
26474589
640300849
484568321
472125389
452011788
59104706
207034661
105335321
890785773
63464259
54020794
595413921
309649147
115660951
573416827
671833177
724733905
242122192
390578210
361622513
547323071
693072331
847003778
118317221
230148336
340476594
894353893
306853295
809589437
213731483
197999151
891960544
855986662
574389801
453713577
322303542
691600529
705920092
26026044
47196676
291074402
719711325
567201559
884509724
142423450
555003488
277842932
76569950
789139318
531626388
272808306
151261696
305886254
60700942
588135437
219854986
682120108
269110297
376930102
50248510
27770432
167920794
243812831
59618412
300141548
44914601
91176808
64682200
814054184
280615435
532587102
339859476
856399526
668149475
798376635
539001549
620661130
352001594
200944455
118132932
155229054
844730283
31033471
791593956
470090347
727415887
402818025
311882167
681429368
324188625
500941364
799841709
756140456
219622449
392052753
745690649
137431681
682152208
788850314
451907038
513235294
766326641
886170230
711185589
315611715
451710160
229688918
458880217
70757210
50308877
571483766
555207877
73325438
548563523
490199016
770322306
578415212
244467269
96074702
54461576
559689495
629157187
247443723
379768827
329237365
73942161
62792225
108799644
610062013
197040779
213549952
7771087
654394015
504926060
496770715
668021988
742162990
354051935
122348144
176167245
648263222
602665809
53864152
345845856
442108220
696739048
133028798
436976435
64650814
708692625
354355593
212543275
72510214
71103621
834677981
184242087
860914476
305764956
863961755
308828574
57080020
551220771
500047370
815797384
181101106
708917557
312944249
874927566
752440139
640618959
193407753
13902763
189037560
482817042
97611355
768378320
819758331
300349914
422224952
2607152
279814812
436695908
235946656
614794895
820059456
513446643
238747964
835616787
57819736
563666214
853442828
464749680
861025161
244816836
474286578
820065483
193214843
744099781
124493776
393972594
787747009
633875110
447315760
548632021
70044903
217287384
23205522
761822077
13376391
495369639
107703029
529149235
559984580
672309599
278932656
824845934
704032746
90941241
252991714
816747053
99977501
710830865
92050733
691142988
595844266
695781615
838775379
159194486
18379413
750267953
425870217
97780721
80148185
103615652
151174146
875251044
257400842
539116423
766981299
220303983
654445381
360708231
279537868
588413635
352639349
107401415
880676022
466422207
456987472
292516927
177542896
776596248
241079185
484808165
496314307
866923075
242615668
239143705
278988166
501563124
340367139
221186460
608555445
235162657
865329437
447814815
384991427
511008026
551729387
726287048
792697563
143979113
80258473
281818469
546612288
340861348
832980589
51311651
894605835
600256571
555429694
133095934
26096313
515218402
26983150
640374500
192632681
229666094
862725511
163699948
718604106
36038043
278240786
870374938
240288894
109686964
546634824
580811675
786974684
807588595
47859348
683555394
773006216
433546749
67586203
81648328
180192533
700451354
366548121
744330395
133169904
659617010
134901287
754580123
490825579
865043081
67945089
840442045
323478592
60236782
869331861
584502043
378551531
536791536
312376615
195862093
34056842
138081572
336040809
789125990
397029692
573987345
349022683
753469234
689678962
113024763
83394229
594280778
339900100
97012186
561424503
559435165
820456851
545513370
436806840
519061928
883882596
466706996
313828552
884578423
892800715
806533976
667415923
598257245
660020111
392320929
359665514
196100214
793459399
847854579
854051195
95797632
52177293
147350149
474721981
62772682
9131088
82511232
546686275
50476463
592284709
518232936
66451188
217410239
316072500
114063715
665461391
401107993
15850303
613531563
792742167
125837712
729761400
227571521
21946876
477646636
841361125
692389002
364273582
646023626
433186199
397054398
848116594
520895544
705241950
643320160
127948335
623620684
354280650
114989946
576808409
447753328
57574713
471178921
283083139
769395347
8113521
182325177
792536232
196242841
285917962
309564338
720062720
513971065
731907559
77560898
172922072
566546043
57476556
668659637
543052420
718592899
144533884
664131320
681328994
793172330
386314105
168732874
272725773
288678572
397802189
325693145
563034614
844935731
258211124
220137378
828760547
833586868
278944412
68827158
702783375
117669513
415329622
396148424
544496399
114317370
539134511
118911959
103801925
396962171
243987115
849688013
464974219
400758905
277726631
422633693
701492057
151930112
20205671
637850047
544629474
372308450
823285234
429458538
824591581
447211761
834789732
633279749
625172118
4134204
486192657
371669749
565311442
489177386
194396321
496889532
776466406
4445348
112574650
697556868
18347540
128368255
288366843
814267125
552734660
14307997
280252248
173493122
247918780
24038990
747568878
687843714
649035155
740438435
688082803
108509241
345895073
25130643
1174024
6298117
151004346
135390838
463940085
376990590
534426149
249280394
533539162
526621105
109430231
70733568
28859342
151350090
471749470
757224402
275768122
172042814
58606896
851400718
220287447
562858275
186004338
217566672
669064810
140402064
740847822
84586052
881809342
587892934
255700375
780501898
27125597
684837852
806551395
556981744
648664613
417460927
682991107
6427715
174135567
82305793
151137853
848015010
764481524
123553558
594647060
34640382
133345449
166286066
580820062
770890411
768030617
444629913
702782823
247186014
870633243
891467671
76003400
296811168
241466524
194328632
690312818
328545777
138614191
148518342
804019691
851202481
465716082
16535895
377371541
109875557
856654666
243159928
804280016
805664622
697972023
817930807
15012193
863351375
67726706
256617597
439301109
873505982
511296937
246570884
116173884
139671483
241928270
390496658
356309613
382718080
552944906
402120904
10820898
30843503
358889873
881496402
488487214
821140262
291740248
261462297
791068676
701222870
354967402
794085552
383097855
419736051
382434299
409685002
625875936
86019558
660107781
117014614
446871438
233690333
532494758
204854341
859597464
56707992
164920818
561812247
262262611
123467462
170038439
860946850
266949149
213480481
594135910
3866333
70350927
278623177
201571646
625754278
630202481
766626183
503148665
513294074
477823572
772990070
401707284
345039702
535817562
274533262
90996103
334742120
199937803
578898238
698983688
387026818
558949844
251164708
430238743
283264627
744445543
668838517
129878786
61437977
478918141
669553122
752152805
648590260
798852435
146566588
181114066
793757511
415758920
168343182
652387562
795189488
718203003
758667566
484236850
188628295
477396174
758964623
193804353
645046887
776393778
424133685
414449511
848266969
565502714
725740750
361382595
289252038
340922073
647066109
173755914
440983720
108692639
125926649
852467365
567843402
394786185
636979125
476676998
587178391
700358878
556210555
451874129
436830875
99133695
824886660
389352859
384294606
26357258
459379150
867323943
247812783
669063630
105121247
692390567
689140678
486684781
152384905
837100081
187385794
17784405
541444670
546628508
421965200
536676871
651106342
367295920
537847099
383134840
109656355
314954851
492066134
114388075
73346192
260508854
609128520
411333886
449289088
52629894
66244856
304086063
302461015
886454838
676490766
581872101
794570864
460696334
338579146
795377975
221183427
147601473
592737535
230054107
141841488
248942712
268835183
5313842
205784736
603099973
883490194
230531593
557249807
874637775
442949695
270921533
537381891
489039632
116792518
496992458
134156421
232691663
475835937
732031687
646674331
450732860
804575119
855636444
416115680
258835019
833722019
446690896
789589117
191912206
102960117
111882850
516687523
419730791
336631379
679146816
410037776
635419111
836548724
738411711
35862391
869561032
799163398
574890632
9858590
879523978
346971963
359689321
459254663
496462310
862995417
769853547
429030568
790026035
350886528
44245820
276688533
288185802
415161839
439315803
636060823
330564004
847286921
241366339
670849234
818157735
526091984
815844742
51014251
501057795
2665198
137839241
366738462
210099164
481777534
280442735
637764521
528349157
215269944
57652447
3032244
170163841
442078855
554816362
110497296
119727176
282759892
79068837
367910282
254084627
567525609
197777873
588822429
174119815
85139181
826515755
502410554
375873342
99401571
497464943
100151501
212418061
124787447
295413008
311794735
835872557
799476894
711032836
67022622
377813735
357048306
371633813
876549849
214103477
97717760
720018898
40330912
863951925
721472521
864527541
689166817
547403315
890128403
506295351
446294720
227734848
176363299
443456575
639789355
888847794
301154632
198146690
310749185
82444800
568435187
340365932
798618532
383870803
801688459
201804561
717229315
772445268
384382724
529968324
82528701
225522315
534388832
468516665
822640262
596957397
449682718
571316567
77723649
36726102
676400511
291378080
59840976
830922753
48923997
61147705
516175695
395274690
24631622
44728918
214695383
114570008
567290151
428768383
98996467
391884535
811682378
509245425
657572548
882855055
529382580
452840677
478429446
545652925
687878357
540556061
650320605
391689452
581866226
159024277
788820437
226518787
320832464
273008413
870974774
173060638
88077081
624404555
86421149
179445906
546343887
638733330
801466566
542371822
776200113
608355258
706491428
482978415
4002652
178748192
394848178
502456985
346612997
582166800
527101302
689690859
157169635
452798568
344403915
879469425
842466622
803455022
399172596
676367000
818454446
335982603
104660489
472604067
307009475
764454704
167606673
187868560
477382933
75855916
216690398
571091507
99967272
546604598
800773612
441612570
282154056
685919304
859064906
581289431
436783115
394359632
167742130
398816768
439303306
775010349
644803659
558293667
80795440
100584290
518025029
415487445
490899353
34210681
521352199
566074263
433730178
144472799
678934004
714139007
262229631
456842769
214190991
173414375
727819884
60005339
176274401
877294645
517576062
524886828
855010674
90034357
790852279
802297284
192631112
150255700
581506946
162307520
104893918
328797250
362133836
80828066
615384917
492199742
887353730
191472640
827082940
598639312
669123541
340608154
427287084
95634560
795397497
400588771
601399290
655387450
257076309
534312549
333473773
716066462
66180358
893454629
698419215
6633344
800045300
777704431
627827872
796484633
419075756
334399145
74718670
897487411
782838768
63234
611972713
589385955
370627899
428727092
349440286
406847128
24083606
382753782
95223776
38799737
500504799
550152638
664942134
231224951
653626265
641920982
453383367
803484288
701439407
445369527
685349335
600334004
880291852
105362666
782382807
511064385
108135013
873287408
755962128
56084400
250262701
368663157
564122028
827184189
373632639
640343489
873778194
391920747
571837804
811391106
784417163
128443002
180535920
558829386
697519012
222127602
332503529
306984515
410746277
153739738
671038382
88179210
801234129
73883981
703363061
763802094
405785415
544787065
319019713
683178792
530491243
550407225
758845677
411284826
794502458
444210753
560559738
505943317
649488015
492087784
705989906
401713163
820708606
77927531
899034237
654816149
502560760
128540377
753865366
652715793
375637798
245851049
283233863
523520967
620415957
777472747
189770871
456071691
382540767
215727818
681763797
712713265
347288272
286245942
432828109
250652704
142231070
355863488
256907755
218743290
578261639
861222348
167700221
818556653
511861040
174163002
633807959
586415370
298704106
469406886
22286862
20045420
718664371
97030016
619919843
697515809
712337080
638515440
851875175
268215012
896229599
498997302
590473446
850804983
202171386
883357017
153557817
846945274
861254976
157511602
48878320
241385070
491403578
697660505
543377776
284483589
390013207
758493206
563513530
245290667
463076113
799552050
156864697
738053733
163070977
87536385
28183030
9158177
870693015
799225381
44716360
603179890
878949943
198237424
75651944
322975043
659857916
541924094
406229451
821514629
2859509
459066918
130013459
454180123
511387854
577947110
186238478
306165215
294723727
553462538
532065152
619125163
149792447
586998535
691766599
356185977
356633984
622901632
213903439
853985428
122175828
460359077
37287289
281165662
289590001
853481055
186605138
440403645
400203516
738755724
15732028
709656339
486706025
40928358
462460512
401057295
442223762
593894259
454828406
667666675
849455694
719384983
393949608
81280602
840202342
340535068
683022867
723406413
723804990
536208546
292485188
673505996
428820068
464026633
432080601
381611114
158414144
252498263
789895751
786461595
440623361
545647683
645911732
126019813
524742614
175498190
57003342
57510894
845870551
468160977
135102981
581926871
525398367
281097411
604923313
357346796
197562089
216736401
347734568
30150809
312047187
496832536
502590696
60132641
523740207
428267388
595735309
707480304
171023210
865348502
481550089
823057007
581091373
138120998
46963303
13545557
176724445
474936003
132903335
65819627
499349828
883145050
146573454
140936848
147301991
70639898
646553775
401634485
459102438
544623437
794755830
109722825
261226948
56107246
129178411
61168171
166576190
691802248
807900790
466439581
760160640
205878723
385531630
331458492
626436358
849933544
196095533
677696184
467849656
684059763
792774088
213728072
845715234
24436551
505357425
801398496
150290444
382714407
294203356
510826406
744280485
352509598
559209735
868627461
745615596
732054210
859575899
164805995
603379029
662029764
737588346
612909649
297049731
31222654
108168917
255339410
754404301
811208712
404948166
889673182
30409584
773497092
475696062
877903350
789490900
145200018
318034336
52205574
399700147
396979974
294027328
822949659
445095913
639206807
598170805
748595245
232229319
692309867
369506616
50090531
783575762
875060889
105277446
457476797
680002213
98986927
30476855
396983644
116803953
874432813
846128842
839798659
885372929
623725520
632221141
334177374
57694727
399102289
488683363
486140639
707648022
541262637
852303030
568090498
790945224
110416484
732185523
879834448
208116623
821453824
608724433
652552361
617203972
717039295
476659151
679167886
453193890
816327509
111248015
766994431
157539463
687741969
413394674
545451434
327632043
361746663
657060101
859606204
790910396
548752698
870979786
570718175
699530519
808644728
203906831
91138987
745425171
382018864
654379476
843064166
266876302
280977108
494721364
497318093
576354187
536978410
145055607
376113538
332146276
72237384
212674787
894896133
818364626
711700489
121630316
495299915
48453989
608891559
740044523
820253016
132483110
274372884
701877012
438500832
494251400
790386381
889452202
17236877
316187971
481176925
673028698
873002399
625622004
245938965
856014882
816894789
411677598
659846777
502410614
894495244
350366501
793506252
803933889
347396083
654788591
821375799
813705538
73306314
30007077
515162910
8361105
178493614
18611926
713036390
171744607
856865064
693196124
734908197
383440930
270193407
612254774
772655706
784605119
807347461
759219832
436631356
439681679
58799922
411278461
535993944
99074042
309402469
237656047
522156625
391847711
373586101
48791175
233723513
219757845
638178628
592959203
107262040
116295954
70170994
661708872
500529542
750925889
95510978
230902826
48711091
590892071
249690202
638210312
117264691
471592404
41300653
91174125
422036978
639574750
541205863
184423267
556901797
629228235
283342711
724301876
160218439
217172778
535251128
781401091
736793490
531069919
2059035
850069553
713221419
359391660
786095958
606950060
218126662
151598595
775003849
293973689
292633325
360152141
687147993
147659394
619454538
578978623
739210086
340688510
100709493
773526482
641857771
517503619
667016801
678296231
499573829
720813140
603304777
481591458
617326743
859656038
564970872
737210719
170066936
676320475
199420264
374800724
711778434
359961732
40597879
180938824
38576130
575240572
226580274
377891409
154650919
796001545
306909332
184609200
715840322
22022744
35801197
476831537
840021108
541987195
541053113
579473232
829728404
197329346
796405196
43939303
730827736
29332291
373534116
535194018
177113806
716474213
189887308
156970441
552451525
846941488
595401902
193406410
822221774
342173310
31483710
204608337
816188900
782080650
524216031
504702086
979758
114174645
193174743
744129471
348849011
286264769
235598086
266868644
385355992
173163777
510724877
591892619
617014694
318362842
861101978
219362301
673437114
351200905
760272582
334781889
636838361
311086332
789433404
675467670
390978485
360590648
335640359
398920861
342272884
65440476
396248318
545868066
274302716
365975337
90909621
429187385
263166400
14654137
795965344
189277490
615273066
138949736
876874588
452391112
802258501
653834742
447456731
546486775
314356453
473587864
717215728
246305610
263412322
313333228
788366853
83986306
186010307
272480170
316366651
654065506
797683909
46733054
70702480
13037307
174004187
23660090
421884589
219041929
827916000
644243131
439776284
70266053
477054207
599438682
546935288
377592146
99716776
734944841
224371632
458255473
723711371
458841934
272426979
775725346
51654313
657673841
810782719
417634393
422422880
